1. 11111 ntur. 116. 1111. 611. 22. 6766

616 ride 16116661161616. 616161616,6616161 peri et 6166661116
6111. 11. i 1. 11. 16. 11. 111. 6. 1 6166611116. 116116. 11111166161166111166
16. xxix. 11116. 1111111111. 1166611161611111666616161166. 066
Adde Curub. 111 Pere- Set. 1. 11. 66 16 666 611661 6116166611 1116166666

' 1116116166.160116.’1161.1·,.166. 66 16. 11166616666616666111611

Bruti. 16 116161. 66161. See. rr. 66. putu ieqeuriuur 6166 ue 111616 effercite
66 861. ιι. 11. 11. 61. Ep. 1. 1. 66. 1666. [1661166116111616611611666.
Burru. 66 0116. 1161. 11. 166. 66 16616 6661, 61 111161166 11161116 6 iu·
06166111. 1661. 0111. ιι. 166166. 61 66616116 preteriret. verbe 661661
cartenarium. Mox 6116 fluia 166166161666161661,66616161116661 ’
61661166,616611,1161.61666.161166. 1666611066 egistis, 611666 6661,
seu 6111166 111616 166616 66616111 61 666 166116616 666116 glorie, 6666661
61611116616616111111616666666666616. 66116616 611. 11166161611116116666·
1166661666116. 16616 61161 661616 6666611111,11166611616 66166
66661666666116161116 reqq. respublica 11161616 16161661. 06661

0116 61116111611611616111] 1161. lib. 616611 666 66166116 6161111616 tyren·
11161611, 16 661, quod 66 libertatern uide 11161616, 6161 intestine 6661116611
166161666116661161616161.1116616. 116. 1116161616 61166616 1161, 61 quodeu-
66111161 8166616. Attamen 1111116116 616116 11161116 6616111. 0666 1616111
6616661 11161. 1666. 1161. i. 1. 1. 11611. dixit efferetur‚rrrbu 6666 661 1116616·
066116. 61 11661611 1..1. 66 Ν. Vide 16. ί111161116611111116661616611166·
66661666116116611161666166666. 16. 616 111111. 16. ‘Meo 66111116·

116 Ρ66166661 animaduertit, 666] 661661611666611116666166661166·
8611166616161166116111. ,1.1. (1166. 11. publiea} Sim. 1161. 1. 66166611
66 66 11. 11116. 61116116666616166616611111. Petu

11661666616111666111661] Primum rbisertoeeeueerdioeeumiitie,ueiiberr

“ 666616 6111111661 1666. 161. 1. 6.1.6. afferetur 166. 1111666 6616 66. Ρ616·

11611. 1166666116. Her. 11661611 11661. 66666616· 6161116116 mcor·
0666. 61 666. 1611. 66666 16 1166666. 616 6666611116. (161616666666166,
qui 6616 61611. 1666611. Deinde 6661616611166. inque 1661661666·
6166111 16 6666116 1116611666. burel. 6666618166616,661661661616 6666·
quinque, 11616. 61 1166116. 6661 666. 61666 66666611666616661166116 11116111
rutiqq. 16116 1111. 11. ’11111111- 6116111116. 616 loquitur 116111. 11.
161616 16 61661661 666661611161’ Et 6611. 06661661 6666616116 6666611116
116 661666 6611616166 loquuntur· 1161 6116116 66666166 61 61611166 euujee·
666161661666111666166616161 161161116616616661116611661616161·
quonian 1616111611, 611111 quidem mu· 161661161616661166611. Verum 661
611616611116616661661611611166- 1611666666 111616 16116 conjecerat
161, 66116. 6611616616616661116161· 6161 6661 61 6666611116 6616611116. 616
161661.1.111111.6.16.“11166166116166166·
§lu 1166661666 66 Suebri] 1161666 16611161 11616666 6661611616 61616 et
66661111666166.1.11.6161.11166 6666616161 666666 regem 6666616612
16666.6.116.Ρ161166616666666 0166 requitur 66 111616 efferetur 166-
16616166616161, 616 661666, (166116. vi· 6611166, 61 6611661 661666 11161, (6161
66 66 11111. 11. q 16. quud plerique m) et 6161616 111666
q 11 Ρ111611616666116666 6161111, ni· 1166 6666616, 6111 661116 ellegere Si«
riserint eoncordia commiuatione 6661661 e 111111. 16. ‘Meu 66166 16·
6111616166] 166 1661116666ῑί61 6161 6616 61616 666611 11661661 66661166·
16116 merrdie 6666611116. 11666161 661116611111661666666116661.66666
uiri 61611111, 6616161166, 161 16166661 6116 6611616 bue turbetur 1161611166

 

 

