’9882 111111 2111112111 111

121111111111111 11, 121 111111. 112 1211 211211 11221121 121211. urrin-
211112212121112212.22.2221211112. 11112 11121121. Vitio 2211.21.211. ’
1112112111 2212211111 11121 ptr 11212 Ρ11111 1122 ri m fide 212 222- r
22112112 prator 2211, 22 02221122 211111111111 1121. 11211222121222

11121121 211211 82121112, 111 11 ii· 1111.

111112 2112, 21 2111 11 122211 prorit- 2 1 Nequinum-rium
1111111121111112111112121. Error 2222222212121112]11122.212122 22221
2111122121 Μ.212211,221112122, 121· 11221221. 021111. Ui 221122 2112111 11111.
1121222, 22111112. 81211. 1111112 211. 1111.1.11.1.11111.111112111.21-
2111221 2211121122. Pti. 1. 2222121111. 222112 22 1112211211211221021·

Ρ21.2.22211222.211.2.2112211221.111.11Ρ211.1222112111 2222 11112111 ³

022212121212122212211112112112 012121.122112.1.222. 7111121111
111212112111 222212 211222. 2211121, 22121211 2111111122 1222112221 jrrtii·

1101112211 21 sigonio 2121111 J. F. 2221. 1112111 2212 22222, 2112212 122-
0112, 21222221222212112 1121122. 21112 212111, prefert 1111.

2. 2. 22 1112. 221222212111221111 Lot. 2212 2222112 1122221221 2222221·- ¹

2. Bet. 21012111. 22222112 822222121 222 maor] Ρ211.11. 212. siff-u.
11211. 222222212211211112.1. 2212- Geth. 8121111121 tar. 2. 82212212.
222 22222122 222. 11111. 1272. 12 11212 2112. 22. *81111 21112 111121
Pam. 2212222 1221111111 211212211- 1111111221 22122111 21111111 1121121212.1
21211 111121112Ρ121111111 2111. 12 2. 1111111.11.·1111211111121 2112222122
11111.11.178.1’21212111121111222· 12211111111111111111 1122111122 22
1112111121122112211111..12111111221112212Ῥ1212122ω11·
01222111221221112112121121221222] tin 022112.21121111211111.1282.
Libri 1111122 22 mini. (12211212. 111111.1111212,112112.2112 22
8111211122..1.1·“..01111 1221111121· 21. 27. 28. Ρ111122212221211ιι22
1111 2111221 21121111 112211110111. 2112122111 11111. renuite-eripu- 1122.
2211111 22 1111122, 2122 21222211. 22· 1. 111211. 22 21111222 22 ἐμω 2 12.
2122.11121212112111.12211.2112 prim 221. ‘ium 212121 1212221112. 8111
21211112 opertum 211112, 111211. 21112 2121 111111 111112 2. 22211.
Qut-rit 2121111 11121121 1122111. 2712222112222212 repr 21121]1)2·
01222. 81211111 21121221 1111211· 211221111111112221211212121222112
12111 1221121111,112211121211111111 111211121111221112222111211. J. F.
1121222012111.11222 2211112 211· 6222. 81112211 2122111 11112 exigant
1121111. 111 11111111 111121 1221221211 22-
222222222212212] 212111121212· 21111, 122 21 typis descripti 21112
221222. cour 0211. 2.12. ‘Neque 11112112211211111122111211122112-
22 11211122122211 2111212112 Et 22111111. 1211112 inperito 11211, 2112

, 12211111.22.“2111112211 1212212 1211122111,112112111..ι.2112 22

2121,12 21121 11111121 22112111 21211- interpr-tis glossemate 12111· 211.

1121221.’ 012.1.22.“01111122 rer· 0222112121221211222122112-
2212121212 22 riguit 2211221132. 21122 12212222 12 praefiniunt]
F. 0112. 1212211122 111 1211111222. 811112 2112.20.·111222212’21211, 11
111212 22 212121, 222 22 coriti. 11211 2111,[121112121111,21111 22 21. 12212,
211221811221211211211211121211211· 21121112 11111111,1121212111,12 221
212 21121112 2121121211 12211111. 122 11112 211 Gn. Fuiriut. 21212. Prii
’2222221212121111111211122212- 1111,11221.22.11112122221. 022122.
2211112 12 2111111 tx. 12. 22 1112 111· 21121112 Ρ21.2. 1221212222. 0221.
1222111211122212221211.22.11122 1211222122 2111221111 iim-tini, 12-

22 111. 17. 21. 21 22111. 11. 21. 82· que 1111121 8121111121 121121 1211121

 

